
ff: parsing domain file
domain 'MAZE' defined
 ... done.
ff: parsing problem file
problem 'SIMPLE_MAZE' defined
 ... done.



Cueing down from goal distance:  115 into depth [1]
                                 113            [1]
                                 112            [1]
                                 111            [1]
                                 110            [1][2]
                                 108            [1]
                                 107            [1][2]
                                 105            [1]
                                 104            [1]
                                 103            [1]
                                 102            [1]
                                 101            [1][2]
                                  98            [1][2]
                                  97            [1][2]
                                  96            [1][2]
                                  91            [1][2]
                                  90            [1][2]
                                  87            [1][2]
                                  86            [1]
                                  85            [1]
                                  84            [1]
                                  83            [1]
                                  82            [1]
                                  81            [1]
                                  80            [1]
                                  79            [1]
                                  78            [1]
                                  77            [1]
                                  76            [1]
                                  75            [1]
                                  74            [1]
                                  73            [1][2][3][4][5]
                                  72            [1]
                                  71            [1]
                                  70            [1]
                                  69            [1]
                                  68            [1][2][3][4][5][6]
                                  67            [1]
                                  66            [1][2]
                                  65            [1][2]
                                  64            [1][2][3][4][5]
                                  63            [1]
                                  62            [1]
                                  61            [1]
                                  58            [1][2]
                                  56            [1][2][3][4][5]
                                  54            [1][2]
                                  52            [1]
                                  51            [1]
                                  50            [1][2]
                                  48            [1]
                                  47            [1]
                                  46            [1]
                                  45            [1]
                                  44            [1]
                                  43            [1]
                                  42            [1][2][3][4][5][6][7]
                                  40            [1][2][3][4][5][6][7][8][9][10][11][12][13]
                                  39            [1][2][3]
                                  38            [1][2][3]
                                  37            [1][2]
                                  34            [1]
                                  33            [1][2][3][4][5][6][7][8]
                                  28            [1]
                                  27            [1]
                                  26            [1][2][3][4][5][6][7]
                                  24            [1][2][3][4][5][6][7][8][9][10][11][12][13][14][15][16][17]